0011000110100011010111100100011111111001101100011001101111101010
1111000100101100100011010011100110001111010110111110011001011000
0110101101110100111000011110011100001011101110110011100100010101
0101010011110001000010111010101001111000010111000000001111011100
1010010111010111000100011010000011111010001101100101101111110000
0111100110101111100010111101111011010001101110101001100001100101
1001010001101010000011010001101110011011110011100011101101110000
0110010100000000000000010101001110110010011011000000011100100100
1111100001101001101010010101110001010011101110100000010101000010
0001000001011000000100010100100100100001111001111100010011001101
0000001011110100001001011011000000010010111010000001001000001000
1111111010000000011001010100010011100000111110010010000100001111
1001011010110111001101001110110000000011100010001110111110010010
0001111101111011010001111010101100011010010001110101010111111000
1100010000111000001010011101001111010001110111101001111000000111
0111001110001101001111011100110001111110101000101000100001000010
0011101101011101101000110011110001000011111000001110010101100001
0000010100101100011011001011011100001011101011010001111010011111
0000100001000111111100000110000111011101101011101001010000000100
1110100111011111100101100000011011010101111001101010101100001101
1011000110001101000000011101010110100111001101011111011110010101
0100101110101000010010000010111000001011011011011010000011000001
0011110111101100001110010011011100101001000111100101101101000001
0100101111100111101111001000001111000111010100011111000011001111
1011100010010001110100101010010110000000011101011010101000100110
1001100110000101011000011000000101100001100000111001001111100101
1101101111010001000000010000100110100000110001100111111010101011
1000000111100001011100001000111000010001011001011001000011110100
0101001110000111000000001101001011001011110010001011111011001111
0111000001100111010100100110110000010101111111100100010001101000
1100110011110111011101110011010010001110110001010110101100000100
1111010011100100100110000101001100100101101000111101100001111110
1011011010100101110100001100111100111001110110110101110001011011
1011000111010110110001010111011111111001011010001010100011011011
1111011100011011101010111011010111010100001010111100011100110111
0000000001110110101001011110111110100100011110101100001001101101
1101001100101001111101001100000110111001101010000001111011110101
1111101001000010100011101101001110011010011000110111101111101011
1011010111100110111101110001001000011110101100111101001111000110
1010110100100010011010100010100110001000100101111110010100001001
1110000100101011100001000001101100010100101011100010101110111000
0010010101101110110101101101011111101000001101110000110001110001
0110010000001000100101011111010000111001000101010100111111010111
1000011001101110100001001001011000010011010110010010011111111010
0100010100000010010010010110100110010001011010000001011011100111
0100011110010011011011101100100100110011110110101011111111100111
0000111100000101101100111010011111100010000010010101001111010010
0100110101010010101001011001001111000010111010101111011000001010
1001000010001011101001100011110010010101111011000001000000101101
0101110001010101010010100101101110010110111010101000101110110011
1101101000001101101100110011011001000101011101101011101110010011
0101101100110111111011000101010011100011010000100000100100110100
0000110101111100100110100101011011110111100001100100010011101011
1001100111111100101001010100100000111111011110100000010000000001
1101111000110000111111001001010101001100010000110001000110011000
0011101100010101101111011000101101001000010100110111011110101000
1100010100111100111011110011001010000110111111000110110101100101
1011000110010110101010000110101110110010101001111101111111101011
0101010010010000001000111011110111010001000100001111011010000011
0011011011110101011110101010011101101011111000110010101101101011
1001110011010011111111101001010011111111001010111111001111001100
0110000100101010101100001110101110111100000010001100101010100000
1111001010000101110111110011001110101010111001110001110011111000
1100101111110111111101111110000010100011010000111111010001001001
